MaDienNuoc|	SoDauKi|	SoCuoiKi|	SoKWTieuThu|	DonGia|	ThanhTien|	MaPhong|	
1|	7999|	8100|	112|	2,102.76|	235,509|	A101|	
10|	12110|	12300|	33|	2,049.30|	43,035|	A306|	
11|	9870|	10212|	54|	2,049.30|	278,705|	A307|	
12|	10212|	11220|	65|	2,049.30|	51,233|	A313|	
13|	8796|	9012|	19|	2,049.30|	363,777|	A326|	
14|	4987|	6032|	21|	2,102.76|	96,317|	A406|	
15|	3456|	4500|	30|	2,102.76|	2,049|	A412|	
16|	12001|	13021|	43|	2,102.76|	363,777|	A525|	
17|	10987|	11098|	50|	2,102.76|	43,035|	A527|	
2|	11700|	12000|	98|	2,102.76|	206,070|	A102|	
3|	7890|	8600|	34|	2,102.76|	206,070|	A103|	
4|	9260|	10000|	65|	2,102.76|	515,176|	A112|	
5|	10000|	11265|	1|	2,102.76|	515,176|	A204|	
6|	1234|	2000|	12|	2,102.76|	363,777|	A205|	
7|	6589|	7021|	87|	2,102.76|	278,705|	A206|	
8|	5543|	6000|	34|	2,049.30|	96,317|	A223|	
9|	9990|	10221|	23|	2,049.30|	2,049|	A305|	
